Stare Initiala:[[6, 5], [40], [50, 4], []]
Solutie calculata cu BF:

1)
|5|      |4|      
|6| |40| |50|      
==================
2)
|4|                
|5|                
|6| |40| |50|      
==================
Cost: 2
Lungime: 2

========================================

1)
|5|      |4|      
|6| |40| |50|      
==================
2)
|4|                
|5|                
|6| |40| |50|      
==================
3)
|4|                
|5|                
|6| |40|      |50| 
==================
4)
|5|           |4| 
|6| |40|      |50| 
==================
5)
     |5|      |4| 
|6| |40|      |50| 
==================
6)
|4| |5|           
|6| |40|      |50| 
==================
7)
|4| |5|           
|6| |40| |50|      
==================
Cost: 10
Lungime: 7

========================================

1)
|5|      |4|      
|6| |40| |50|      
==================
2)
|4|                
|5|                
|6| |40| |50|      
==================
3)
|4|                
|5|                
|6| |40|      |50| 
==================
4)
|5|           |4| 
|6| |40|      |50| 
==================
5)
     |5|      |4| 
|6| |40|      |50| 
==================
6)
     |4|           
     |5|           
|6| |40|      |50| 
==================
7)
|4| |5|           
|6| |40|      |50| 
==================
8)
|4| |5|           
|6| |40| |50|      
==================
Cost: 11
Lungime: 8

========================================

Solutie calculata cu A*:
Solutie: 
1)
|5|      |4|      
|6| |40| |50|      
==================
2)
|4|                
|5|                
|6| |40| |50|      
==================
Cost: 2
Lungime: 2

========================================
Solutie: 
1)
|5|      |4|      
|6| |40| |50|      
==================
2)
|4|                
|5|                
|6| |40| |50|      
==================
3)
|4|                
|5|                
|6| |40|      |50| 
==================
4)
|4|                
|5|                
|6|      |40| |50| 
==================
5)
|5|      |4|      
|6|      |40| |50| 
==================
6)
          |4| |5| 
|6|      |40| |50| 
==================
7)
          |4| |5| 
     |6| |40| |50| 
==================
8)
          |4|      
|5| |6| |40| |50| 
==================
9)
|4|                
|5| |6| |40| |50| 
==================
Cost: 10
Lungime: 9

========================================
Solutie: 
1)
|5|      |4|      
|6| |40| |50|      
==================
2)
|4|                
|5|                
|6| |40| |50|      
==================
3)
|4|                
|5|                
|6| |40|      |50| 
==================
4)
|5|           |4| 
|6| |40|      |50| 
==================
5)
     |5|      |4| 
|6| |40|      |50| 
==================
6)
|4| |5|           
|6| |40|      |50| 
==================
7)
|4| |5|           
|6| |40| |50|      
==================
Cost: 10
Lungime: 7

========================================

Solutie calculata cu UCS:
Solutie: 
1)
|5|      |4|      
|6| |40| |50|      
==================
2)
|4|                
|5|                
|6| |40| |50|      
==================
Cost: 2
Lungime: 2

========================================
Solutie: 
1)
|5|      |4|      
|6| |40| |50|      
==================
2)
|4|                
|5|                
|6| |40| |50|      
==================
3)
|4|                
|5|                
|6| |40|      |50| 
==================
4)
|4|                
|5|                
|6|      |40| |50| 
==================
5)
|5|      |4|      
|6|      |40| |50| 
==================
6)
          |4| |5| 
|6|      |40| |50| 
==================
7)
          |4| |5| 
     |6| |40| |50| 
==================
8)
          |4|      
|5| |6| |40| |50| 
==================
9)
|4|                
|5| |6| |40| |50| 
==================
Cost: 10
Lungime: 9

========================================
Solutie: 
1)
|5|      |4|      
|6| |40| |50|      
==================
2)
|4|                
|5|                
|6| |40| |50|      
==================
3)
|4|                
|5|                
|6| |40|      |50| 
==================
4)
|5|           |4| 
|6| |40|      |50| 
==================
5)
     |5|      |4| 
|6| |40|      |50| 
==================
6)
|4| |5|           
|6| |40|      |50| 
==================
7)
|4| |5|           
|6| |40| |50|      
==================
Cost: 10
Lungime: 7

========================================
